[gd_scene load_steps=8 format=3 uid="uid://bfkr0q6e0x8nu"]

[ext_resource type="PackedScene" uid="uid://c0yhafp0r7o3i" path="res://Scenes/Player.tscn" id="1_cku5x"]
[ext_resource type="Environment" uid="uid://q3hgyleo6eca" path="res://Enviroment/Enviroment.tres" id="2_mwyo8"]
[ext_resource type="Script" path="res://Scripts/Camera3D.gd" id="3_4b5in"]

[sub_resource type="StandardMaterial3D" id="StandardMaterial3D_blqqu"]
albedo_color = Color(0.556953, 0.556953, 0.556953, 1)

[sub_resource type="BoxMesh" id="BoxMesh_dc1ei"]
material = SubResource("StandardMaterial3D_blqqu")
size = Vector3(10, 0.5, 10)

[sub_resource type="BoxShape3D" id="BoxShape3D_p3cfe"]
size = Vector3(10, 0.5, 10)

[sub_resource type="CameraAttributesPhysical" id="CameraAttributesPhysical_a4rvf"]

[node name="Node3D" type="Node3D"]

[node name="Player" parent="." instance=ExtResource("1_cku5x")]
transform = Transform3D(-0.99996, -0.00134355, -0.00885479, -0.00138638, 0.999987, 0.00483248, 0.00884818, 0.00484458, -0.999949, -1.13687e-13, 2.925, 1.90735e-06)

[node name="StaticBody3D" type="StaticBody3D" parent="."]
transform = Transform3D(1, 0, 0, 0, 1, 0, 0, 0, 1, 0, -0.415904, 0)

[node name="MeshInstance3D" type="MeshInstance3D" parent="StaticBody3D"]
transform = Transform3D(1, 0, 0, 0, 1, 0, 0, 0, 1, 0.0250039, -4.76837e-07, 0.0185671)
mesh = SubResource("BoxMesh_dc1ei")

[node name="CollisionShape3D" type="CollisionShape3D" parent="StaticBody3D"]
shape = SubResource("BoxShape3D_p3cfe")

[node name="DirectionalLight3D" type="DirectionalLight3D" parent="."]
transform = Transform3D(-1, 8.74228e-08, -2.31116e-15, 6.61906e-08, 0.757132, 0.653262, 5.711e-08, 0.653262, -0.757132, 0, 10.8818, -8.358)
light_energy = 3.825
light_indirect_energy = 4.006
light_volumetric_fog_energy = 11.473
light_angular_distance = 4.37
directional_shadow_mode = 1
directional_shadow_split_1 = 0.124
directional_shadow_fade_start = 0.152

[node name="Camera3D" type="Camera3D" parent="."]
transform = Transform3D(-1, 3.55271e-15, 8.74228e-08, 3.56375e-08, 0.91314, 0.407645, -7.98293e-08, 0.407645, -0.91314, 0, 4.962, -8.778)
top_level = true
environment = ExtResource("2_mwyo8")
attributes = SubResource("CameraAttributesPhysical_a4rvf")
v_offset = 0.29
current = true
script = ExtResource("3_4b5in")
